mgc_rve_context "mux_X4" 1000
mgc_rve_layer "NSD_C"
mr 18190 -1900 18730 -900
mr 18190 820 18730 1820
mr 19630 -1900 20170 -900
mr 19630 820 20170 1820
mgc_rve_layer "PSD_C"
mr 18190 -6410 18730 -3410
mr 18190 3330 18730 6330
mr 19630 -6410 20170 -3410
mr 19630 3330 20170 6330
mgc_rve_layer "ME1_C"
mp 20 18240 -5880 18260 -5880 18260 -6360 18660 -6360 18660 -5880 18680 -5880 18680 -5440 18660 -5440 18660 -4380 18680 -4380 18680 -3940 18660 -3940 18660 -3460 18260 -3460 18260 -3940 18240 -3940 18240 -4380 18260 -4380 18260 -5440 18240 -5440
mp 8 18240 -1870 18680 -1870 18680 -1430 18660 -1430 18660 -950 18260 -950 18260 -1430 18240 -1430
mp 8 18240 1350 18260 1350 18260 870 18660 870 18660 1350 18680 1350 18680 1790 18240 1790
mp 20 18240 3860 18260 3860 18260 3380 18660 3380 18660 3860 18680 3860 18680 4300 18660 4300 18660 5360 18680 5360 18680 5800 18660 5800 18660 6280 18260 6280 18260 5800 18240 5800 18240 5360 18260 5360 18260 4300 18240 4300
mp 20 19680 -5880 19700 -5880 19700 -6360 20100 -6360 20100 -5880 20120 -5880 20120 -5440 20100 -5440 20100 -4380 20120 -4380 20120 -3940 20100 -3940 20100 -3460 19700 -3460 19700 -3940 19680 -3940 19680 -4380 19700 -4380 19700 -5440 19680 -5440
mp 8 19680 -1870 20120 -1870 20120 -1430 20100 -1430 20100 -950 19700 -950 19700 -1430 19680 -1430
mp 8 19680 1350 19700 1350 19700 870 20100 870 20100 1350 20120 1350 20120 1790 19680 1790
mp 20 19680 3860 19700 3860 19700 3380 20100 3380 20100 3860 20120 3860 20120 4300 20100 4300 20100 5360 20120 5360 20120 5800 20100 5800 20100 6280 19700 6280 19700 5800 19680 5800 19680 5360 19700 5360 19700 4300 19680 4300
mgc_rve_layer "ME2_C"
mp 116 18240 -5880 18680 -5880 18680 -5440 18600 -5440 18600 -4380 18680 -4380 18680 -3940 18600 -3940 18600 -1870 18680 -1870 18680 -1430 18600 -1430 18600 -270 18720 -270 18720 -240 19010 -240 19010 -260 19450 -260 19450 -240 19730 -240 19730 -270 19760 -270 19760 -1430 19680 -1430 19680 -1870 19760 -1870 19760 -3940 19680 -3940 19680 -4380 19760 -4380 19760 -5440 19680 -5440 19680 -5880 20120 -5880 20120 -5440 20040 -5440 20040 -4380 20120 -4380 20120 -3940 20040 -3940 20040 -1870 20120 -1870 20120 -1430 20040 -1430 20040 -270 20170 -270 20170 170 20040 170 20040 1350 20120 1350 20120 1790 20040 1790 20040 3860 20120 3860 20120 4300 20040 4300 20040 5360 20120 5360 20120 5800 19680 5800 19680 5360 19760 5360 19760 4300 19680 4300 19680 3860 19760 3860 19760 1790 19680 1790 19680 1350 19760 1350 19760 170 19730 170 19730 160 19450 160 19450 180 19010 180 19010 160 18720 160 18720 170 18600 170 18600 1350 18680 1350 18680 1790 18600 1790 18600 3860 18680 3860 18680 4300 18600 4300 18600 5360 18680 5360 18680 5800 18240 5800 18240 5360 18320 5360 18320 4300 18240 4300 18240 3860 18320 3860 18320 1790 18240 1790 18240 1350 18320 1350 18320 170 18280 170 18280 -270 18320 -270 18320 -1430 18240 -1430 18240 -1870 18320 -1870 18320 -3940 18240 -3940 18240 -4380 18320 -4380 18320 -5440 18240 -5440
mgc_rve_layer "ME3_C"
mp 8 18280 -270 20170 -270 20170 170 19450 170 19450 180 19010 180 19010 170 18280 170
mgc_rve_zoom 17.766 -9.14 20.594 9.06 1
