mgc_rve_context "SCF_dcmfb" 1000
mgc_rve_layer "NSD_C"
mr 25100 -19230 31340 -18790
mr 43190 -19230 49430 -18790
mgc_rve_layer "PSD_C"
mr 25550 -18350 26040 -15350
mr 43640 -18350 44130 -15350
mgc_rve_layer "ME1_C"
mp 12 25120 -19470 49410 -19470 49410 -18810 44060 -18810 44060 -15400 43660 -15400 43660 -18810 25970 -18810 25970 -15400 25570 -15400 25570 -18810 25120 -18810
mgc_rve_layer "WELL"
mp 8 24860 -19470 31580 -19470 31580 -18550 31320 -18550 31320 -14920 25120 -14920 25120 -18550 24860 -18550
mp 8 42950 -19470 49670 -19470 49670 -18550 49410 -18550 49410 -14920 43210 -14920 43210 -18550 42950 -18550
mgc_rve_layer "WEL"
mp 8 24860 -19470 31580 -19470 31580 -18550 31320 -18550 31320 -14920 25120 -14920 25120 -18550 24860 -18550
mp 8 42950 -19470 49670 -19470 49670 -18550 49410 -18550 49410 -14920 43210 -14920 43210 -18550 42950 -18550
mgc_rve_zoom 19.544 -20.445 54.986 -13.945 1
