mgc_rve_context "BUFFER_2" 1000
mgc_rve_layer "ALLGATES"
mr 31930 74480 32380 76980
mr 31930 77860 32380 80360
mr 32920 74480 33370 76980
mr 32920 77860 33370 80360
mr 33910 74480 34360 76980
mr 33910 77860 34360 80360
mr 34900 74480 35350 76980
mr 34900 77860 35350 80360
mr 35890 74480 36340 76980
mr 35890 77860 36340 80360
mr 36880 74480 37330 76980
mr 36880 77860 37330 80360
mr 37870 74480 38320 76980
mr 37870 77860 38320 80360
mr 38860 74480 39310 76980
mr 38860 77860 39310 80360
mr 39850 74480 40300 76980
mr 39850 77860 40300 80360
mr 40840 74480 41290 76980
mr 40840 77860 41290 80360
mr 85020 74480 85470 76980
mr 85020 77860 85470 80360
mr 86010 74480 86460 76980
mr 86010 77860 86460 80360
mr 87000 74480 87450 76980
mr 87000 77860 87450 80360
mr 87990 74480 88440 76980
mr 87990 77860 88440 80360
mr 88980 74480 89430 76980
mr 88980 77860 89430 80360
mr 89970 74480 90420 76980
mr 89970 77860 90420 80360
mr 90960 74480 91410 76980
mr 90960 77860 91410 80360
mr 91950 74480 92400 76980
mr 91950 77860 92400 80360
mr 92940 74480 93390 76980
mr 92940 77860 93390 80360
mr 93930 74480 94380 76980
mr 93930 77860 94380 80360
mgc_rve_layer "PLY_C"
mp 8 31930 74260 32380 74260 32380 77200 32370 77200 32370 77640 32380 77640 32380 80580 31930 80580
mr 33090 34010 35090 34850
mp 8 32920 74260 33370 74260 33370 77200 33360 77200 33360 77640 33370 77640 33370 80580 32920 80580
mp 8 33910 74260 34360 74260 34360 77200 34350 77200 34350 77640 34360 77640 34360 80580 33910 80580
mp 8 34900 74260 35350 74260 35350 77200 35340 77200 35340 77640 35350 77640 35350 80580 34900 80580
mp 8 35890 74260 36340 74260 36340 77200 36330 77200 36330 77640 36340 77640 36340 80580 35890 80580
mp 8 36880 74260 37330 74260 37330 77200 37320 77200 37320 77640 37330 77640 37330 80580 36880 80580
mp 8 37870 74260 38320 74260 38320 77200 38310 77200 38310 77640 38320 77640 38320 80580 37870 80580
mp 8 38860 74260 39310 74260 39310 77200 39300 77200 39300 77640 39310 77640 39310 80580 38860 80580
mp 8 39850 74260 40300 74260 40300 77200 40290 77200 40290 77640 40300 77640 40300 80580 39850 80580
mp 8 40840 74260 41290 74260 41290 77200 41280 77200 41280 77640 41290 77640 41290 80580 40840 80580
mp 8 85020 74260 85470 74260 85470 77200 85460 77200 85460 77640 85470 77640 85470 80580 85020 80580
mp 8 86010 74260 86460 74260 86460 77200 86450 77200 86450 77640 86460 77640 86460 80580 86010 80580
mp 8 87000 74260 87450 74260 87450 77200 87440 77200 87440 77640 87450 77640 87450 80580 87000 80580
mp 8 87990 74260 88440 74260 88440 77200 88430 77200 88430 77640 88440 77640 88440 80580 87990 80580
mp 8 88980 74260 89430 74260 89430 77200 89420 77200 89420 77640 89430 77640 89430 80580 88980 80580
mp 8 89970 74260 90420 74260 90420 77200 90410 77200 90410 77640 90420 77640 90420 80580 89970 80580
mp 8 90960 74260 91410 74260 91410 77200 91400 77200 91400 77640 91410 77640 91410 80580 90960 80580
mr 91510 38960 93510 39800
mp 8 91950 74260 92400 74260 92400 77200 92390 77200 92390 77640 92400 77640 92400 80580 91950 80580
mp 8 92940 74260 93390 74260 93390 77200 93380 77200 93380 77640 93390 77640 93390 80580 92940 80580
mp 8 93930 74260 94380 74260 94380 77200 94370 77200 94370 77640 94380 77640 94380 80580 93930 80580
mgc_rve_layer "NSD_C"
mr 67240 22380 67780 23980
mr 68230 22380 68720 23980
mgc_rve_layer "PSD_C"
mr 38310 57150 38800 59650
mr 39250 57150 39790 59650
mr 49740 65810 50230 68310
mr 52030 70410 52520 72910
mr 53960 70410 54450 72910
mr 56250 65810 56740 68310
mr 69540 65810 70030 68310
mr 71830 70410 72320 72910
mr 73760 70410 74250 72910
mr 76050 65810 76540 68310
mr 86470 57150 87010 59650
mr 87460 57150 87950 59650
mgc_rve_layer "ME1_C"
mp 59 28220 72940 29970 71190 34130 71190 34130 71170 34570 71170 34570 71190 34850 71190 34850 71170 35290 71170 35290 71190 35570 71190 35570 71170 36010 71170 36010 71190 36290 71190 36290 71170 36730 71170 36730 71190 37010 71190 37010 71170 37450 71170 37450 71190 43090 71190 45010 73110 45010 74750 42140 77620 41960 77620 41960 77220 44610 74570 44610 73290 42910 71590 37450 71590 37450 71610 37010 71610 37010 71590 36730 71590 36730 71610 36290 71610 36290 71590 36010 71590 36010 71610 35570 71610 35570 71590 35290 71590 35290 71610 34850 71610 34850 71590 34570 71590 34570 71610 34130 71610 34130 71590 30150 71590 28620 73120 28620 74740 31100 77220 41960 77220 41960 77620 30920 77620 28220 74920
mp 20 49740 66340 49760 66340 49760 65860 50160 65860 50160 66340 50180 66340 50180 66780 50160 66780 50160 67340 50180 67340 50180 67780 50160 67780 50160 68260 49760 68260 49760 67780 49740 67780 49740 67340 49760 67340 49760 66780 49740 66780
mp 20 52030 70940 52050 70940 52050 70460 52450 70460 52450 70940 52470 70940 52470 71380 52450 71380 52450 71940 52470 71940 52470 72380 52450 72380 52450 72860 52050 72860 52050 72380 52030 72380 52030 71940 52050 71940 52050 71380 52030 71380
mp 20 54010 70940 54030 70940 54030 70460 54430 70460 54430 70940 54450 70940 54450 71380 54430 71380 54430 71940 54450 71940 54450 72380 54430 72380 54430 72860 54030 72860 54030 72380 54010 72380 54010 71940 54030 71940 54030 71380 54010 71380
mp 20 56300 66340 56320 66340 56320 65860 56720 65860 56720 66340 56740 66340 56740 66780 56720 66780 56720 67340 56740 67340 56740 67780 56720 67780 56720 68260 56320 68260 56320 67780 56300 67780 56300 67340 56320 67340 56320 66780 56300 66780
mp 20 69540 66340 69560 66340 69560 65860 69960 65860 69960 66340 69980 66340 69980 66780 69960 66780 69960 67340 69980 67340 69980 67780 69960 67780 69960 68260 69560 68260 69560 67780 69540 67780 69540 67340 69560 67340 69560 66780 69540 66780
mp 20 71830 70940 71850 70940 71850 70460 72250 70460 72250 70940 72270 70940 72270 71380 72250 71380 72250 71940 72270 71940 72270 72380 72250 72380 72250 72860 71850 72860 71850 72380 71830 72380 71830 71940 71850 71940 71850 71380 71830 71380
mp 20 73810 70940 73830 70940 73830 70460 74230 70460 74230 70940 74250 70940 74250 71380 74230 71380 74230 71940 74250 71940 74250 72380 74230 72380 74230 72860 73830 72860 73830 72380 73810 72380 73810 71940 73830 71940 73830 71380 73810 71380
mp 20 76100 66340 76120 66340 76120 65860 76520 65860 76520 66340 76540 66340 76540 66780 76520 66780 76520 67340 76540 67340 76540 67780 76520 67780 76520 68260 76120 68260 76120 67780 76100 67780 76100 67340 76120 67340 76120 66780 76100 66780
mp 52 33110 34430 38960 34430 38960 32380 49630 21710 67220 21710 67710 22200 67710 22480 76690 22480 87510 33300 87510 38980 93490 38980 93490 39380 87510 39380 87510 57200 87930 57200 87930 59600 86540 59600 86540 59120 86520 59120 86520 58680 86540 58680 86540 58120 86520 58120 86520 57680 86540 57680 86540 57200 87030 57200 87030 33500 76490 22960 68700 22960 68700 23880 67310 23880 67310 22380 67040 22110 49810 22110 39360 32560 39360 57200 39720 57200 39720 57680 39740 57680 39740 58120 39720 58120 39720 58680 39740 58680 39740 59120 39720 59120 39720 59600 38330 59600 38330 57200 38960 57200 38960 34830 33110 34830
mp 59 81290 73110 83210 71190 88810 71190 88810 71170 89250 71170 89250 71190 89530 71190 89530 71170 89970 71170 89970 71190 90250 71190 90250 71170 90690 71170 90690 71190 90970 71190 90970 71170 91410 71170 91410 71190 91690 71190 91690 71170 92130 71170 92130 71190 96330 71190 98080 72940 98080 74920 95380 77620 95200 77620 95200 77220 97680 74740 97680 73120 96150 71590 92130 71590 92130 71610 91690 71610 91690 71590 91410 71590 91410 71610 90970 71610 90970 71590 90690 71590 90690 71610 90250 71610 90250 71590 89970 71590 89970 71610 89530 71610 89530 71590 89250 71590 89250 71610 88810 71610 88810 71590 83390 71590 81690 73290 81690 74570 84340 77220 95200 77220 95200 77620 84160 77620 81290 74750
mgc_rve_layer "ME2_C"
mr 34130 71170 34570 71610
mr 34850 71170 35290 71610
mr 35570 71170 36010 71610
mr 36290 71170 36730 71610
mr 37010 71170 37450 71610
mr 39300 57680 39740 58120
mr 39300 58680 39740 59120
mr 49740 66340 50180 66780
mr 49740 67340 50180 67780
mr 52030 70940 52470 71380
mr 52030 71940 52470 72380
mr 54010 70940 54450 71380
mr 54010 71940 54450 72380
mr 56300 66340 56740 66780
mr 56300 67340 56740 67780
mr 69540 66340 69980 66780
mr 69540 67340 69980 67780
mr 71830 70940 72270 71380
mr 71830 71940 72270 72380
mr 73810 70940 74250 71380
mr 73810 71940 74250 72380
mr 76100 66340 76540 66780
mr 76100 67340 76540 67780
mr 86520 57680 86960 58120
mr 86520 58680 86960 59120
mr 88810 71170 89250 71610
mr 89530 71170 89970 71610
mr 90250 71170 90690 71610
mr 90970 71170 91410 71610
mr 91690 71170 92130 71610
mgc_rve_layer "ME3_C"
mr 52030 71940 52470 72380
mr 54010 71940 54450 72380
mr 71830 71940 72270 72380
mr 73810 71940 74250 72380
mp 172 34130 71170 34570 71170 34570 71250 34850 71250 34850 71170 35290 71170 35290 71250 35570 71250 35570 70750 36920 69400 45160 69400 45160 66380 39300 60520 39300 58680 39380 58680 39380 58120 39300 58120 39300 57680 39740 57680 39740 58120 39660 58120 39660 58680 39740 58680 39740 60320 45600 66180 45600 74560 47920 76880 50700 76880 53000 74580 53000 69590 52470 69590 52470 71380 52030 71380 52030 69590 49740 69590 49740 66340 50180 66340 50180 69150 56300 69150 56300 67340 56380 67340 56380 66780 56300 66780 56300 66340 56740 66340 56740 66780 56660 66780 56660 67340 56740 67340 56740 69590 54450 69590 54450 71380 54010 71380 54010 69590 53440 69590 53440 73760 72820 73760 72820 69590 72270 69590 72270 71380 71830 71380 71830 69590 69540 69590 69540 67340 69620 67340 69620 66780 69540 66780 69540 66340 69980 66340 69980 66780 69900 66780 69900 67340 69980 67340 69980 69150 76100 69150 76100 66340 76540 66340 76540 69590 74250 69590 74250 71380 73810 71380 73810 69590 73260 69590 73260 74580 75560 76880 78340 76880 80660 74560 80660 66180 86520 60320 86520 58680 86960 58680 86960 60520 81100 66380 81100 69400 89340 69400 90690 70750 90690 71250 90970 71250 90970 71170 91410 71170 91410 71250 91690 71250 91690 71170 92130 71170 92130 71610 91690 71610 91690 71530 91410 71530 91410 71610 90970 71610 90970 71530 90690 71530 90690 71610 90250 71610 90250 71530 89970 71530 89970 71610 89530 71610 89530 71530 89250 71530 89250 71610 88810 71610 88810 71170 89250 71170 89250 71250 89530 71250 89530 71170 89970 71170 89970 71250 90250 71250 90250 70950 89140 69840 81100 69840 81100 74760 78540 77320 75360 77320 72820 74780 72820 74200 53440 74200 53440 74780 50900 77320 47720 77320 45160 74760 45160 69840 37120 69840 36010 70950 36010 71250 36290 71250 36290 71170 36730 71170 36730 71250 37010 71250 37010 71170 37450 71170 37450 71610 37010 71610 37010 71530 36730 71530 36730 71610 36290 71610 36290 71530 36010 71530 36010 71610 35570 71610 35570 71530 35290 71530 35290 71610 34850 71610 34850 71530 34570 71530 34570 71610 34130 71610
mgc_rve_zoom 13.25 9.095 113.05 93.195 1
